



cp(201108,201109,201110,201111,201112,201201);
cp(201109,201110,201111,201112,201201,201202);
cp(201110,201111,201112,201201,201202,201203);
cp(201111,201112,201201,201202,201203,201204);
cp(201112,201201,201202,201203,201204,201205);

cp(201201,201202,201203,201204,201205,201206);
cp(201202,201203,201204,201205,201206,201207);
cp(201203,201204,201205,201206,201207,201208);
cp(201204,201205,201206,201207,201208,201209);
cp(201205,201206,201207,201208,201209,201210);
cp(201206,201207,201208,201209,201210,201211);
cp(201207,201208,201209,201210,201211,201212);
cp(201208,201209,201210,201211,201212,201301);
cp(201209,201210,201211,201212,201301,201302);
cp(201210,201211,201212,201301,201302,201303);
cp(201211,201212,201301,201302,201303,201304);
cp(201212,201301,201302,201303,201304,201305);
cp(201301,201302,201303,201304,201305,201306);
cp(201302,201303,201304,201305,201306,201307);
cp(201303,201304,201305,201306,201307,201308);
cp(201304,201305,201306,201307,201308,201309);
cp(201305,201306,201307,201308,201309,201310);
cp(201306,201307,201308,201309,201310,201311);
cp(201307,201308,201309,201310,201311,201312);
cp(201308,201309,201310,201311,201312,201401);
cp(201309,201310,201311,201312,201401,201402);
cp(201310,201311,201312,201401,201402,201403);
cp(201311,201312,201401,201402,201403,201404);
cp(201312,201401,201402,201403,201404,201405);
cp(201401,201402,201403,201404,201405,201406);
cp(201402,201403,201404,201405,201406,201407);
cp(201403,201404,201405,201406,201407,201408);
cp(201404,201405,201406,201407,201408,201409);
cp(201405,201406,201407,201408,201409,201410);
cp(201406,201407,201408,201409,201410,201411);
cp(201407,201408,201409,201410,201411,201412);
